Name: dgjbh j
Grade level: 6
20240409174043, Level 1, 100
20240409174113, Level 1, 100
20240409174128, Level 1, 0
20240409174145, Level 1, 0
20240409174155, Level 2, 50
20240409174302, Level 2, 0
20240409174305, Level 3, 0
20240409174305, Level 3, 0
20240409174305, Level 3, 0
20240409174305, Level 3, 0
20240409174305, Level 3, 0
20240409174305, Level 3, 0
20240409174306, Level 3, 0
20240409174306, Level 3, 0
20240409174306, Level 3, 0
20240409174306, Level 3, 0
20240409174306, Level 3, 0
20240409174306, Level 3, 0
20240409174307, Level 3, 0
20240409174307, Level 3, 0
20240409174307, Level 3, 0
20240409174308, Level 3, 0
20240409174308, Level 3, 0
20240409174308, Level 3, 0
20240409174308, Level 3, 0
20240409174308, Level 3, 0
20240409174308, Level 3, 0
20240409174308, Level 3, 0
20240409174309, Level 3, 0
20240409174309, Level 3, 0
20240409174309, Level 3, 0
20240409174309, Level 3, 0
20240409174309, Level 3, 0
20240409174309, Level 3, 0
20240409174309, Level 3, 0
20240409174310, Level 3, 0
20240409174310, Level 3, 0
20240409174310, Level 3, 0
20240409174310, Level 3, 0
20240409174310, Level 3, 0
20240409174310, Level 3, 0
20240409174310, Level 3, 0
20240409174311, Level 3, 0
20240409174311, Level 3, 0
20240409174311, Level 3, 0
20240409174311, Level 3, 0
20240409174311, Level 3, 0
20240409174312, Level 3, 0
20240409174312, Level 3, 0
20240409174312, Level 3, 0
20240409174312, Level 3, 0
20240409174312, Level 3, 0
20240409174313, Level 3, 0
20240409174313, Level 3, 0
20240409174313, Level 3, 0
20240409174313, Level 3, 0
20240409174313, Level 3, 0
20240409174313, Level 3, 0
20240409174314, Level 3, 0
20240409174314, Level 3, 0
20240409174314, Level 3, 0
20240409174314, Level 3, 0
20240409174314, Level 3, 0
20240409174314, Level 3, 0
20240409174315, Level 3, 0
20240409174315, Level 3, 0
20240409174315, Level 3, 0
20240409174315, Level 3, 0
20240409174315, Level 3, 0
20240409174316, Level 3, 0
20240409174316, Level 3, 0
20240409174316, Level 3, 0
20240409174316, Level 3, 0
20240409174316, Level 3, 0
20240409174317, Level 3, 0
20240409174317, Level 3, 0
20240409174317, Level 3, 0
20240409174317, Level 3, 0
20240409174317, Level 3, 0
20240409174318, Level 3, 0
20240409174318, Level 3, 0
20240409174318, Level 3, 0
20240409174318, Level 3, 0
20240409174318, Level 3, 0
20240409174319, Level 3, 0
20240409174319, Level 3, 0
20240409174319, Level 3, 0
20240409174319, Level 3, 0
20240409174319, Level 3, 0
20240409174320, Level 3, 0
20240409174320, Level 3, 0
20240409174320, Level 3, 0
20240409174320, Level 3, 0
20240409174320, Level 3, 0
20240409174320, Level 3, 0
20240409174321, Level 3, 0
20240409174321, Level 3, 0
20240409174321, Level 3, 0
20240409174321, Level 3, 0
20240409174321, Level 3, 0
20240409174322, Level 3, 0
20240409174322, Level 3, 0
20240409174322, Level 3, 0
20240409174322, Level 3, 0
20240409174323, Level 3, 0
20240409174323, Level 3, 0
20240409174323, Level 3, 0
20240409174323, Level 3, 0
20240409174323, Level 3, 0
20240409174324, Level 3, 0
20240409174324, Level 3, 0
20240409174324, Level 3, 0
20240409174324, Level 3, 0
20240409174324, Level 3, 0
20240409174325, Level 3, 0
20240409174325, Level 3, 0
20240409174325, Level 3, 0
20240409174325, Level 3, 0
20240409174325, Level 3, 0
20240409174326, Level 3, 0
20240409174326, Level 3, 0
20240409174326, Level 3, 0
20240409174326, Level 3, 0
20240409174326, Level 3, 0
20240409174327, Level 3, 0
20240409174327, Level 3, 0
20240409174327, Level 3, 0
20240409174327, Level 3, 0
20240409174327, Level 3, 0
20240409174328, Level 3, 0
20240409174328, Level 3, 0
20240409174328, Level 3, 0
20240409174328, Level 3, 0
20240409174329, Level 3, 0
20240409174329, Level 3, 0
20240409174329, Level 3, 0
20240409174329, Level 3, 0
20240409174329, Level 3, 0
20240409174330, Level 3, 0
20240409174330, Level 3, 0
20240409174330, Level 3, 0
20240409174330, Level 3, 0
20240409174331, Level 3, 0
20240409174331, Level 3, 0
20240409174331, Level 3, 0
20240409174331, Level 3, 0
20240409174331, Level 3, 0
20240409174331, Level 3, 0
20240409174331, Level 3, 0
20240409174332, Level 3, 0
20240409174332, Level 3, 0
20240409174332, Level 3, 0
20240409174332, Level 3, 0
20240409174332, Level 3, 0
20240409174332, Level 3, 0
20240409174332, Level 3, 0
20240409174332, Level 3, 0
20240409174333, Level 3, 0
20240409174333, Level 3, 0
20240409174333, Level 3, 0
20240409174333, Level 3, 0
20240409174333, Level 3, 0
20240409174333, Level 3, 0
20240409174334, Level 3, 0
20240409174334, Level 3, 0
20240409174334, Level 3, 0
20240409174335, Level 3, 0
20240409174335, Level 3, 0
20240409174335, Level 3, 0
20240409174335, Level 3, 0
20240409174335, Level 3, 0
20240409174335, Level 3, 0
20240409174335, Level 3, 0
20240409174336, Level 3, 0
20240409174336, Level 3, 0
20240409174336, Level 3, 0
20240409174336, Level 3, 0
20240409174336, Level 3, 0
20240409174336, Level 3, 0
20240409174336, Level 3, 0
20240409174336, Level 3, 0
20240409174337, Level 3, 0
20240409174337, Level 3, 0
20240409174337, Level 3, 0
20240409174337, Level 3, 0
20240409174337, Level 3, 0
20240409174337, Level 3, 0
20240409174337, Level 3, 0
20240409174338, Level 3, 0
20240409174338, Level 3, 0
20240409174338, Level 3, 0
20240409174338, Level 3, 0
20240409174338, Level 3, 0
20240409174339, Level 3, 0
20240409174339, Level 3, 0
20240409174339, Level 3, 0
20240409174339, Level 3, 0
20240409174340, Level 3, 0
20240409174341, Level 3, 0
20240409174342, Level 3, 0
20240409174342, Level 3, 0
20240409174342, Level 3, 0
20240409174342, Level 3, 0
20240409174342, Level 3, 0
20240409174342, Level 3, 0
20240409174343, Level 3, 0
20240409174343, Level 3, 0
20240409174404, Level 3, 0